Screenshot-2024-11-04-132456_png.rf.2f2685ad5f4dc44378a751932811164f.jpg 360,68,557,598,1 187,20,390,633,1 13,7,259,624,1
Screenshot-2024-11-04-132612_png.rf.10af6a18dff31c1d81c51ce53128f97d.jpg 255,104,426,640,1
Screenshot-2024-10-30-153405_png.rf.72c5edb8c60c41905dfbf2747bec2747.jpg 24,0,475,623,1
Screenshot-2024-10-30-155436_png.rf.e4280491457f6722dc3a4b70c0288030.jpg 239,27,542,640,0
Screenshot-2024-10-30-155158_png.rf.6e3c8a3a66e1f5b4c74da57249b610c8.jpg 208,183,308,600,0 242,97,448,640,0
Screenshot-2024-11-04-154419_png.rf.a140e9aa6716f5f6487a15b8fcdccaa0.jpg 389,138,640,640,0 0,144,248,629,0
Screenshot-2024-10-30-155242_png.rf.374e33cbfac654d02b8cad37151e92f9.jpg 90,67,420,569,0
Screenshot-2024-10-30-153036_png.rf.3959869e4be4bc25732a5024abe398a1.jpg 196,0,640,640,1 0,0,461,640,1
Screenshot-2024-11-04-153115_png.rf.620dc7b224f103921952effd4a602995.jpg 93,0,524,640,1
Screenshot-2024-10-30-154033_png.rf.04403f170990e038c515550f3786ac23.jpg 24,3,505,633,1
Screenshot-2024-10-30-153036_png.rf.7d1fec24ad42822868dd89263a69ec8e.jpg 35,0,369,633,1 238,57,640,638,1
Screenshot-2024-10-30-155509_png.rf.80e5ae5fe0dad3269d51c42757625b45.jpg 183,56,402,640,0 302,209,465,640,0
Screenshot-2024-11-04-155202_png.rf.661b01156f90873c1d0a65a997110844.jpg 35,49,394,640,0
Screenshot-2024-10-30-153450_png.rf.0030d32e62c717389884c1c04faab793.jpg 184,179,398,543,1
Screenshot-2024-11-04-155030_png.rf.49aeb7c371a48c7586099c1c3d15deed.jpg 75,89,380,640,0 277,33,595,635,0
Screenshot-2024-10-30-155903_png.rf.471deaa7388b1c35078518e4b40f1c95.jpg 48,158,286,604,0
Screenshot-2024-11-04-153033_png.rf.5a7ad9d71b293be2493ba85da3ea4c0d.jpg 238,21,640,570,1 0,9,313,485,1
Screenshot-2024-10-30-153722_png.rf.0f3e2e4e16763369a96a90418ebe4a65.jpg 139,117,453,640,1
Screenshot-2024-11-04-150706_png.rf.8b423001b697e8fc27b628bff1ced5b1.jpg 153,242,283,623,1
Screenshot-2024-11-04-154307_png.rf.0d6128f22127e00987f7fb9b72b79595.jpg 40,67,556,640,0
Screenshot-2024-11-04-154913_png.rf.95c7300d0ec056ba33b026a6dc253007.jpg 106,52,469,640,0
Screenshot-2024-11-04-154006_png.rf.2ec700f130567f6c92c50a5cc1ecfa4e.jpg 310,78,458,640,0
Screenshot-2024-10-30-153535_png.rf.adf342813ca2faa3f6254ed82c3e8d31.jpg 300,93,640,640,1 0,139,292,619,1
Screenshot-2024-11-04-154214_png.rf.b9e39a7a29b539df263a39574164ba33.jpg 292,23,552,636,1 105,99,364,640,1
Screenshot-2024-11-04-153115_png.rf.f8222eb2e24e1e6670cbd7cd1ad7d373.jpg 132,0,531,640,1
Screenshot-2024-10-30-155400_png.rf.834273ee904521c85822857b0a83fbd6.jpg 156,6,615,640,0
Screenshot-2024-11-04-154457_png.rf.4cd0aa8a1b5eca52a52e7e7cf8bae0a9.jpg 243,52,625,639,1
Screenshot-2024-10-30-154902_png.rf.9b60b2eb7ffa8bc3d0ac55ec16f58823.jpg 87,52,580,640,0
Screenshot-2024-10-30-155756_png.rf.694fb5842942a680820d37edc604f3bf.jpg 98,0,344,257,0
Screenshot-2024-11-04-153225_png.rf.aad90ff7e59644e81a079f27f7fa8852.jpg 0,139,608,508,1
Screenshot-2024-11-04-153717_png.rf.a0c284c8b8ad3df4406db1ff35103c92.jpg 179,183,543,640,1
Screenshot-2024-11-04-153451_png.rf.2b8b642795f171e119c2022a556b3374.jpg 320,174,568,630,0 118,229,419,640,0
Screenshot-2024-10-30-153806_png.rf.ee2b712b36d1f01df5c9e8f0bb5ed238.jpg 222,96,402,640,1
Screenshot-2024-10-30-155400_png.rf.31f050027002bb5a98bebb1531807c12.jpg 113,1,640,640,0
Screenshot-2024-10-30-155756_png.rf.148ecb40cc117fce907217254da13f18.jpg 94,0,343,260,0
Screenshot-2024-11-04-155030_png.rf.3a18f6e195afb81f680506db6ee51e5d.jpg 259,89,564,640,0 45,33,363,635,0
Screenshot-2024-11-04-153939_png.rf.2cbb485e5361364157accbdea26e737a.jpg 238,3,496,640,0
Screenshot-2024-11-04-153939_png.rf.caa5c1fcdce89876667fedc542883ed3.jpg 179,0,553,640,0
Screenshot-2024-11-04-153451_png.rf.9338abd279519267fd095b1a5aeb1c73.jpg 257,217,532,640,0 57,190,381,631,0
Screenshot-2024-10-30-154944_png.rf.b5e1e46d7fa35dbb89897fd4ef81f78e.jpg 39,17,553,640,0
Screenshot-2024-11-04-153225_png.rf.a5dc54717774bd54dfb0e448a020d04a.jpg 46,172,640,481,1
Screenshot-2024-11-04-154307_png.rf.a9a04ed0c331e4584cf299885892484c.jpg 60,39,632,640,0
Screenshot-2024-10-30-153806_png.rf.6ce3f25d22d728a3cacfda95c625afc9.jpg 201,94,426,640,1
Screenshot-2024-11-04-152852_png.rf.2a6fada84ada5c3cc1aa213e2c0c61cf.jpg 12,121,625,597,1
Screenshot-2024-11-04-153812_png.rf.b76ccb148890a785be751649ea8284c8.jpg 185,243,436,640,0
Screenshot-2024-11-04-153033_png.rf.891559e4a78aa310e051c1b245161c93.jpg 266,51,618,566,1 15,6,300,455,1
Screenshot-2024-10-30-155330_png.rf.02c42337bea150a106adce66f315097d.jpg 40,0,487,617,0
Screenshot-2024-10-30-154944_png.rf.d962a5cbae5b1e413d1e28674fbf85fb.jpg 104,28,586,640,0
Screenshot-2024-11-04-153837_png.rf.254caf70081dfe721c7f02ab4e7a88f7.jpg 94,123,433,640,0
Screenshot-2024-11-04-143709_png.rf.0b6e4903770e92bce5de6f767c335bf3.jpg 409,211,486,614,1 460,185,558,640,1
Screenshot-2024-11-04-153627_png.rf.56025a74e93b558e67b49c80cca748a6.jpg 132,273,333,640,0 220,160,456,640,0 309,138,531,621,0 393,65,640,600,0
Screenshot-2024-10-30-155724_png.rf.dc6dee18bbff4659b64ce3e28bd3e8c1.jpg 92,143,232,399,0 204,136,269,279,0 219,130,352,383,0 292,162,441,484,0 364,169,575,587,0 511,119,640,601,0
Screenshot-2024-11-04-155202_png.rf.4213935f867a6ee77e966bdd3ae7e6eb.jpg 43,46,384,640,0
Screenshot-2024-11-04-154006_png.rf.de517b8e87d8585b481a1db6033a83a1.jpg 181,76,329,640,0
Screenshot-2024-11-04-154913_png.rf.bf872503ea8f04da01d893f2ae9989cd.jpg 140,69,447,640,0
Screenshot-2024-11-04-154551_png.rf.953675725d642e4cf7fb4e30028ccf86.jpg 92,332,345,640,1
Screenshot-2024-10-30-155122_png.rf.7e2ffbb85dd094994fac5431ead6d89b.jpg 0,85,272,604,0 0,30,188,432,0 125,70,399,618,0 216,116,513,640,0 368,136,619,585,0
Screenshot-2024-11-04-152003_png.rf.9984012f4f48b05716fe2836dce68415.jpg 323,61,560,590,1
Screenshot-2024-10-30-153222_png.rf.84caae6acef59f16892bdd158678d833.jpg 300,0,640,638,1
Screenshot-2024-11-04-151452_png.rf.a238e91417332cb0871157f8ef1a4732.jpg 453,235,564,604,1 381,287,453,613,1 281,169,382,556,1 196,188,304,639,1 138,370,227,634,1 35,299,169,632,1
Screenshot-2024-11-04-153311_png.rf.b9793e5cd83a0b15c18c9dd5e01b4044.jpg 133,416,500,640,1 236,271,517,466,1
Screenshot-2024-11-04-155001_png.rf.cb86091beb4f214bf83ad4c368cd6f53.jpg 94,98,354,634,0
Screenshot-2024-11-04-155103_png.rf.eea455b2ba9ed6f7987747c706696e9a.jpg 329,148,529,640,0 70,30,341,640,0
Screenshot-2024-11-04-154343_png.rf.92fc24b98280136305ca049f45a93249.jpg 171,60,402,640,0
Screenshot-2024-11-04-143513_png.rf.d41a06bfffe1f5558496aa4aa8b6a653.jpg 180,6,551,640,1
Screenshot-2024-11-04-151615_png.rf.d2d8f124b0296b3c61517045061c904a.jpg 190,29,517,640,1
Screenshot-2024-11-04-153812_png.rf.d9562be327cca50243f1a269b92a589e.jpg 159,236,440,640,0
Screenshot-2024-11-04-154133_png.rf.d9d5caf0457d2865b348a2e5c8318cc0.jpg 282,111,492,615,0
Screenshot-2024-11-04-151345_png.rf.f7c8764537bec0e48a91f184762bade4.jpg 150,354,419,640,1 113,12,324,435,1 301,0,562,620,1
Screenshot-2024-11-04-153115_png.rf.17479a74668e2c1722b98e5125ae84a5.jpg 125,6,492,640,1
Screenshot-2024-10-30-155400_png.rf.1e47864a4010aa314481fd87f22455f5.jpg 46,25,464,640,0
Screenshot-2024-11-04-152714_png.rf.cae54f7910abc0e15f828b8e10bddbee.jpg 139,163,563,640,1
Screenshot-2024-11-04-151801_png.rf.f704d43eebeedb66fa41e778c7db251f.jpg 203,62,454,630,1 19,309,171,640,1 502,213,640,603,1 401,296,548,621,1
Screenshot-2024-10-30-155158_png.rf.79041a23fa4abb6b3b43849952d637b8.jpg 305,192,433,611,0 166,87,408,640,0
Screenshot-2024-10-30-153036_png.rf.4e9819eea47e3e6e0b1535484f983a4b.jpg 41,0,364,632,1 244,59,640,633,1
Screenshot-2024-11-04-154307_png.rf.74098e30857888a1dd53715a57800382.jpg 89,71,595,640,0
Screenshot-2024-11-04-154241_png.rf.d6a9c763678cca999e9418fd514d56d8.jpg 45,92,297,640,0 287,64,528,634,0 217,240,398,640,0
Screenshot-2024-11-04-155402_png.rf.49c749812dc6d2f3ac7d75eb5463e719.jpg 193,23,492,640,0
Screenshot-2024-11-04-154457_png.rf.01eedee5d60620842feed1120f7aab6a.jpg 22,85,421,640,1
Screenshot-2024-11-04-151916_png.rf.42eb49a8de166601c9d87975c44be73d.jpg 329,89,640,640,1 163,185,434,640,1 0,0,345,621,1
Screenshot-2024-10-30-153450_png.rf.88d9c670306a066814310552059fffe4.jpg 242,171,468,541,1
Screenshot-2024-10-30-155903_png.rf.8e4ec62c3ab9699069910eb75220449a.jpg 57,106,254,544,0
Screenshot-2024-10-30-155436_png.rf.c2095763dc30ce52d5b9c5230c2203bd.jpg 111,25,384,640,0
Screenshot-2024-10-30-155509_png.rf.1b8dc811d53db4e7ca8c9c8b087ff702.jpg 135,42,441,640,0 252,210,480,640,0
Screenshot-2024-10-30-153405_png.rf.0f94f7e23939ca30de59a727e5f3cb7f.jpg 172,6,614,640,1
Screenshot-2024-11-04-153033_png.rf.66224576c6f7389c2a2087d1b12b46fb.jpg 266,51,617,566,1 15,6,300,455,1
Screenshot-2024-10-30-154033_png.rf.1025073474ed3e08d5830be6f9df7508.jpg 30,31,511,640,1
Screenshot-2024-10-30-154944_png.rf.cbd57f42c068af9bdd2203af371cf657.jpg 104,28,586,640,0
Screenshot-2024-11-04-132612_png.rf.8e7e72d05d1114a784a230e3d43b0a4c.jpg 253,108,415,640,1
Screenshot-2024-11-04-154551_png.rf.111081295b1125d82036d47a89bce3fe.jpg 33,287,305,631,1
Screenshot-2024-10-30-154902_png.rf.55ae983a98de7298dbd61e9ae80d1176.jpg 81,69,526,640,0
Screenshot-2024-11-04-152852_png.rf.396d6d6f6c5f4b34eebdbaac1d16e7ea.jpg 0,69,640,640,1
Screenshot-2024-11-04-150706_png.rf.13c9be96279205e1427af9cd66317f8e.jpg 212,261,271,638,1
Screenshot-2024-11-04-150706_png.rf.59ce53c09cd5fa34391de1943499b3d5.jpg 318,269,436,640,1
Screenshot-2024-11-04-154133_png.rf.36d4e53de753ac2954c28f3fd1e39bba.jpg 204,125,322,626,0
Screenshot-2024-10-30-154033_png.rf.09b88c70af0d07efb5d82e4dfb24931e.jpg 92,53,440,612,1
Screenshot-2024-11-04-153837_png.rf.49703fe8397a511b280b2e4ea10db6f9.jpg 96,123,427,640,0
Screenshot-2024-11-04-143513_png.rf.b65e750f0f0789b76b5abb266a8c5fa0.jpg 176,0,557,640,1
Screenshot-2024-10-30-154902_png.rf.14837552a215270297ad3040b252fc5a.jpg 114,69,559,640,0
Screenshot-2024-10-30-155330_png.rf.b534f76e5e2c89d3b53b44e5ba029840.jpg 36,0,492,618,0
Screenshot-2024-11-04-132456_png.rf.d5554dfb0caa0664b601dd1c749834f6.jpg 65,48,298,589,1 228,17,473,640,1 360,18,640,640,1
Screenshot-2024-11-04-153627_png.rf.328a2ee69d7a600d8fcca12a05605b8a.jpg 357,261,502,640,0 231,166,398,640,0 155,155,307,633,0 36,100,214,628,0
Screenshot-2024-11-04-151801_png.rf.84acb68cc50735f0a38e444f16f11d01.jpg 233,72,418,622,1 22,286,131,640,1 512,252,640,629,1 402,319,511,633,1
Screenshot-2024-11-04-155202_png.rf.8a01a1c9b2433c32730a71fe53c092f3.jpg 101,38,316,624,0
Screenshot-2024-11-04-151801_png.rf.5afd931a7b147118f47ebb98389aa7b0.jpg 193,64,444,632,1 503,250,640,615,1 0,276,167,640,1 130,329,277,640,1
Screenshot-2024-11-04-151345_png.rf.6ce0735a379764d7ca7a0035b328cb39.jpg 73,322,349,636,1 154,0,377,402,1 286,44,566,640,1
Screenshot-2024-10-30-153806_png.rf.3af586272e7167a84abef2beb3019e94.jpg 256,102,390,640,1
Screenshot-2024-11-04-154214_png.rf.fb6bc88ed0abd7a67973df4a75f324d2.jpg 253,56,570,640,1 63,59,374,630,1
Screenshot-2024-11-04-153939_png.rf.372961351a5e6fea25767870f3892192.jpg 144,3,402,640,0
Screenshot-2024-10-30-155724_png.rf.30bc05a6fe6863fe2fd1797dc41b28b2.jpg 114,80,277,341,0 250,111,329,255,0 237,119,393,377,0 272,179,451,505,0 309,221,557,640,0 447,229,640,640,0
Screenshot-2024-11-04-153451_png.rf.b1b8e14ac0df3f85b56727c60630fcc7.jpg 341,208,510,640,0 131,236,361,630,0
Screenshot-2024-10-30-153222_png.rf.28799452e255a624d16d2ed8d0dfcfdf.jpg 248,32,640,640,1
Screenshot-2024-11-04-154457_png.rf.aff07eaf3f010d93ed38797bb00c12e0.jpg 279,89,579,636,1
Screenshot-2024-11-04-154133_png.rf.4e31477f8822aca98b15fdd10d72847f.jpg 220,130,312,627,0
Screenshot-2024-11-04-155030_png.rf.d119fd869ae76ee01ed21114fcf393cd.jpg 315,86,527,640,0 97,67,319,640,0
Screenshot-2024-11-04-153812_png.rf.a0cadb186daa4e47d03878ec739e7636.jpg 210,254,422,638,0
Screenshot-2024-11-04-154551_png.rf.db569028498a6d50a11b69c5cb904c0d.jpg 90,331,307,640,1
Screenshot-2024-11-04-153717_png.rf.c440fb76cf33ec681436d70c6f283eca.jpg 99,184,450,640,1
Screenshot-2024-10-30-153722_png.rf.4dbda4abb9a04d69d8891ef949d76bba.jpg 253,124,465,640,1
Screenshot-2024-11-04-154419_png.rf.c6e1dc4bc8d63220555456b40d20497e.jpg 16,126,217,640,0 407,176,634,640,0
Screenshot-2024-10-30-155756_png.rf.b3d629ec26e2bd067c9779b75636bbd3.jpg 281,0,493,229,0
Screenshot-2024-11-04-155402_png.rf.02fa27eb799741728975dfa94ecfd111.jpg 187,22,497,640,0
Screenshot-2024-11-04-155103_png.rf.79cc3d42d40de8337225a2e8ff944e13.jpg 322,127,556,636,0 52,39,364,640,0
Screenshot-2024-10-30-153844_png.rf.b3d55d6854a04eac0743b976de0ddfc6.jpg 229,254,378,640,1 343,261,486,630,1 9,156,148,585,1 68,218,232,617,1 497,86,595,365,1 162,152,221,291,1 95,141,165,283,1 472,195,532,343,1
Screenshot-2024-11-04-155001_png.rf.1ca2c71745902dcd9af4e5391bbd45d1.jpg 145,126,327,640,0
Screenshot-2024-11-04-152714_png.rf.a4f62b1abda3b5904c79f2896dc48d3d.jpg 102,176,504,640,1
Screenshot-2024-11-04-154343_png.rf.b84fcfd22c1a4f9dd6c2daa9b50880ed.jpg 143,48,423,640,0
Screenshot-2024-11-04-152852_png.rf.09ef8f3d94be141e9b54331019c0580d.jpg 33,140,616,577,1
Screenshot-2024-10-30-155122_png.rf.14e8ffd3e499bd654143467a15fc079f.jpg 12,156,230,636,0 1,101,130,483,0 194,94,344,621,0 293,116,468,640,0 421,105,574,530,0
Screenshot-2024-11-04-151916_png.rf.e3371cc9ae76feff99c0680f421fa81a.jpg 0,12,288,615,1 171,187,428,640,1 306,15,640,640,1
Screenshot-2024-11-04-143709_png.rf.8bb7afb41493d4399a39f1d6f5576361.jpg 420,199,490,602,1 473,169,563,630,1
Screenshot-2024-11-04-151452_png.rf.ab1e5991391c6587c1a792ffa79f20e7.jpg 22,172,200,548,1 124,253,256,580,1 212,161,383,553,1 265,202,455,640,1 331,399,467,640,1 390,350,583,640,1
Screenshot-2024-10-30-155242_png.rf.d94acb0a0d81562c7a952f5ba353b4ec.jpg 99,68,412,560,0
Screenshot-2024-11-04-153311_png.rf.41ccc5a281cd98705a262ea5523ecc82.jpg 112,431,464,640,1 234,291,506,459,1
Screenshot-2024-11-04-154006_png.rf.e6647ed0aee497cf399cbcb0ffc96620.jpg 316,78,454,640,0
Screenshot-2024-11-04-154241_png.rf.f7c0a9bcc6dade3fafc7130f1c4e7340.jpg 365,85,580,640,0 134,73,338,638,0 263,241,418,640,0
Screenshot-2024-11-04-152003_png.rf.fcdecd6be9501e61c8e1a71000730b2f.jpg 309,50,573,589,1
Screenshot-2024-11-04-155103_png.rf.24fc60543adf741a7a8c81aa6d1221ee.jpg 340,147,523,640,0 81,38,331,640,0
Screenshot-2024-10-30-155122_png.rf.638a19575faf2e0007a8d5b9bca78a2c.jpg 398,134,640,628,0 494,79,640,469,0 280,86,467,622,0 157,115,369,640,0 52,113,234,547,0
Screenshot-2024-10-30-153535_png.rf.b472bfb0283b5f2e89c5d35409c5dc19.jpg 317,87,631,640,1 0,152,285,625,1
Screenshot-2024-11-04-155001_png.rf.3644f439e629190afdd1edde480f2182.jpg 324,126,488,640,0
Screenshot-2024-11-04-152003_png.rf.4afde1c7e4207b397fa0875bf298c586.jpg 331,69,550,590,1
Screenshot-2024-11-04-151615_png.rf.a2f51f970ab7e859d5172ccf5b9fb409.jpg 200,18,518,640,1
Screenshot-2024-11-04-153837_png.rf.3aa9fbcfffacd5381f5bc18914034f12.jpg 267,130,514,638,0
Screenshot-2024-10-30-153222_png.rf.1420d9ecb78256853f3f28e7dd56908b.jpg 326,22,635,640,1
Screenshot-2024-11-04-154913_png.rf.3af677f51db9cf4fe2cbe6b0802b7dca.jpg 149,73,436,639,0
Screenshot-2024-11-04-143513_png.rf.8b1afc71d1108348b0d12e4b5e1f55ae.jpg 218,17,516,632,1
Screenshot-2024-11-04-155402_png.rf.79a09f46281ca44c89af9a24a5ccf612.jpg 215,30,473,640,0
Screenshot-2024-10-30-155436_png.rf.70f4652889db113ffd89365c63680e4f.jpg 306,24,485,640,0
Screenshot-2024-11-04-151345_png.rf.9f16faf7295dc86a541138d4b1eb5901.jpg 139,363,360,635,1 170,4,306,408,1 358,29,506,634,1
Screenshot-2024-11-04-151615_png.rf.c88047ee7d24f5113257d89fd3ea0be4.jpg 244,39,471,637,1
Screenshot-2024-11-04-154214_png.rf.4d3e865874101629dfd22b7df9f1a2f6.jpg 131,46,310,640,1 320,97,505,640,1
Screenshot-2024-10-30-153844_png.rf.e55892d9e71f08582fa37a371c4f61ef.jpg 236,254,339,640,1 348,275,448,638,1 29,128,118,553,1 81,200,199,591,1 523,116,588,391,1 183,138,226,274,1 118,121,172,258,1 485,219,528,364,1
Screenshot-2024-11-04-153627_png.rf.94a8de442406897f58d51479eb11636b.jpg 385,256,497,638,0 259,171,385,640,0 182,167,293,637,0 63,121,196,640,0
Screenshot-2024-11-04-132456_png.rf.8c8b898ba886de9e84afba58291a952a.jpg 88,67,275,594,1 255,22,448,631,1 387,12,622,624,1
Screenshot-2024-10-30-153450_png.rf.7bcecf4adcafb28fcc1eb4a8c6cfb658.jpg 191,182,387,536,1
Screenshot-2024-11-04-153311_png.rf.b42e0deb8d231d757995b9a4e322a884.jpg 93,446,421,637,1 234,314,489,448,1
Screenshot-2024-10-30-155158_png.rf.6a1cc688e70e16ccddf7b24cd411a80e.jpg 223,188,301,601,0 259,100,437,637,0
Screenshot-2024-11-04-143709_png.rf.ac34d912b6edf51383e3031f294cfaa7.jpg 424,205,480,606,1 477,177,552,636,1
Screenshot-2024-10-30-153844_png.rf.9d59aa2022392efcab52744bb499ebf7.jpg 239,255,328,640,1 349,279,437,639,1 36,120,110,543,1 85,195,189,583,1 530,125,585,399,1 189,135,227,270,1 125,116,174,251,1 488,226,526,370,1
Screenshot-2024-10-30-155330_png.rf.4a603d1deaf01ad1a2e8d9112879a82e.jpg 217,0,546,602,0
Screenshot-2024-10-30-153722_png.rf.b212710ae7aae2f0f9632be762a5a0b4.jpg 180,126,383,640,1
Screenshot-2024-10-30-153405_png.rf.dbc4f014e6c9c2073d4ddd43c50de2ce.jpg 88,17,405,611,1
Screenshot-2024-10-30-155509_png.rf.a50969a64dc975a5111eef8819bce9ef.jpg 194,61,393,640,0 314,209,462,640,0
Screenshot-2024-11-04-153717_png.rf.c7f6ceb6c3ccf6d1c1256b24f19639ee.jpg 250,196,521,640,1
Screenshot-2024-11-04-132612_png.rf.960c7b94df219725cd76afa563d1037d.jpg 236,110,370,640,1
Screenshot-2024-11-04-151916_png.rf.e79851daebc4de52ddc0f6bb20fb444c.jpg 25,64,238,637,1 230,202,407,640,1 368,0,640,640,1
Screenshot-2024-10-30-153535_png.rf.b32610d9582652373b73fed19813b910.jpg 47,75,267,640,1 377,198,596,640,1
Screenshot-2024-11-04-154343_png.rf.7dbeae59251f87dd9bbf3f1a60c20c97.jpg 244,62,465,640,0
Screenshot-2024-11-04-151452_png.rf.c8f38be320633b11022cbbaf07827005.jpg 81,227,173,592,1 189,283,244,606,1 266,170,347,553,1 343,193,428,640,1 411,379,486,639,1 472,313,589,640,1
Screenshot-2024-11-04-154241_png.rf.970d77001cce9979f45b4f9ba4d2b99f.jpg 399,75,556,640,0 166,87,313,640,0 297,243,411,640,0
Screenshot-2024-11-04-152714_png.rf.434757d7772805a665ec65764d339bc5.jpg 152,185,531,640,1
Screenshot-2024-11-04-154419_png.rf.ed053a1482378797ddf399eb3b2ad64f.jpg 424,126,625,640,0 6,176,233,640,0
Screenshot-2024-10-30-155724_png.rf.d83770e6247121d931d3ee1f734677ab.jpg 119,125,223,368,0 233,127,277,264,0 248,131,344,372,0 315,175,417,485,0 384,201,534,600,0 537,168,640,639,0
Screenshot-2024-10-30-155242_png.rf.f2543a4b8751ef1124a7d2f1bb7c623d.jpg 103,71,408,558,0
Screenshot-2024-10-30-155903_png.rf.f73a780ff0c01ce8fcd5a4403b80eb4b.jpg 409,133,556,556,0